title:Dapper Rogue's Personal List
dimwishlist:item=4225322581&perks=1300023272,791862061,3143051906,2679249093
dimwishlist:item=4019668921&perks=839105230,3177308360,1168162263,4293542123
dimwishlist:item=4019668921&perks=839105230,3177308360,1168162263,4293542123,384158423,1588595445#notes:Source:Cool Guy
dimwishlist:item=4019668921&perks=839105230,3177308360,3400784728,4293542123,384158423,1588595445#notes:Source:DapperRogue
dimwishlist:item=3717177717&perks=663495154,3177308360,1820235745,11551321,384158423
dimwishlist:item=3717177717&perks=663495154,3177308360,2450788523,11551321,384158423
dimwishlist:item=3593598010&perks=2405638014,1885400500,588594999,11551321,384158423
dimwishlist:item=3593598010&perks=679077873,1885400500,2779035018,11551321,384158423
dimwishlist:item=3593598010&perks=679077873,1885400500,1820235745,11551321,384158423
dimwishlist:item=3409645497&perks=839105230,3177308360,3436462433,4104185692,186337601
dimwishlist:item=3409645497&perks=839105230,3142289711,3436462433,4104185692,2697220197
dimwishlist:item=3355385170&perks=839105230,1885400500,3400784728,1771339417,744217850
dimwishlist:item=3184681056&perks=1482024992,791862061,25606670,11612903,384158423
dimwishlist:item=3184681056&perks=1482024992,791862061,25606670,11612903,2697220197
dimwishlist:item=3169616514&perks=1482024992,3177308360,280464955,2869569095,384158423
dimwishlist:item=2591241074&perks=3371775011,3827198035,201365942,4293542123
dimwishlist:item=2591111628&perks=1300023272,3177308360,1556840489,4293542123
dimwishlist:item=2591111628&perks=1300023272,3177308360,1556840489,2610012052
dimwishlist:item=2591111628&perks=1482024992,3177308360,1556840489,4293542123
dimwishlist:item=2513965917&perks=852209214,3429800428,2846385770,124408337
dimwishlist:item=2496875173&perks=202670084,3177308360,1570042021,4104185692,384158423
dimwishlist:item=2496875173&perks=3661387068,3177308360,1570042021,4104185692,384158423
dimwishlist:item=2490988246&perks=839105230,3142289711,4071163871,3708227201
dimwishlist:item=2490988246&perks=839105230,3230963543,494941759,2675184851
dimwishlist:item=2220884262&perks=1926090093,1885400500,588594999,4152709778,186337601
dimwishlist:item=1856262127&perks=202670084,1885400500,2779035018,2458213969
dimwishlist:item=1780464822&perks=1840239774,679225683,1570042021,3047969693
dimwishlist:item=1622998472&perks=1482024992,1087426260,1195158366,47981717,2697220197
dimwishlist:item=1513993763&perks=1392496348,3177308360,2450788523,3425386926,384158423
dimwishlist:item=1478986057&perks=1300023272,791862061,494941759,2675184851
dimwishlist:item=1399109800&perks=3371775011,3429800428,3523746922,617966211
dimwishlist:item=1399109800&perks=3371775011,3429800428,3523746922,617966211
dimwishlist:item=1366394399&perks=3661387068,3177308360,573122728,64866129
dimwishlist:item=1366394399&perks=3661387068,3177308360,573122728,848860060
dimwishlist:item=1248372789&perks=839105230,3177308360,573122728,1523649716
dimwishlist:item=1216130969&perks=3661387068,1885400500,2450788523,4082225868,2697220197
dimwishlist:item=1197486957&perks=3250034553,3142289711,3436462433,3592538738,2697220197
dimwishlist:item=1097616550&perks=1482024992,3177308360,3436462433,1890422124,384158423
dimwishlist:item=1097616550&perks=1482024992,3177308360,3436462433,4104185692,384158423
dimwishlist:item=1097616550&perks=1482024992,3177308360,1820235745,4104185692,384158423
dimwishlist:item=927567426&perks=1482024992,3177308360,573122728,4290541820
dimwishlist:item=927567426&perks=1467527085,3142289711,573122728,169755979
dimwishlist:item=927567426&perks=1467527085,3142289711,573122728,169755979
dimwishlist:item=821154603&perks=839105230,3177308360,1890422124,3523296417,384158423
dimwishlist:item=821154603&perks=839105230,3177308360,1890422124,4082225868,384158423
dimwishlist:item=541188001&perks=1482024992,3142289711,1570042021,4104185692,384158423
